0,1000000
1,999738
2,999476
3,999213
4,998950
5,998687
6,998422
7,998157
8,997891
9,997624
10,997356
11,997087
12,996816
13,996544
14,996270
15,995993
16,995714
17,995433
18,995148
19,994859
20,994567
21,994269
22,993967
23,993658
24,993343
25,993019
26,992687
27,992345
28,991992
29,991626
30,991245
31,990847
32,990430
33,989993
34,989530
35,989041
36,988520
37,987963
38,987366
39,986724
40,986030
41,985278
42,984459
43,983565
44,982586
45,981510
46,980325
47,979015
48,977566
49,975958
50,974170
51,972180
52,969959
53,967480
54,964707
55,961605
56,958129
57,954234
58,949866
59,944966
60,939470
61,933304
62,926388
63,918635
64,909947
65,900219
66,886416
67,871365
68,854980
69,837176
70,817870
71,796981
72,774439
73,750183
74,724166
75,696360
76,666761
77,635392
78,602312
79,567620
80,531459
81,494023
82,455559
83,416370
84,376812
85,337295
86,298271
87,260223
88,223650
89,189043
90,156866
91,127523
92,101335
93,78515
94,59151
95,43196
96,30472
97,20687
98,13458
99,8351
100,4917
101,2731
102,1422
103,689
104,308
105,126
106,47
107,16
108,5
109,1
110,0
