0,1000000
1,999662
2,999323
3,998984
4,998643
5,998301
6,997958
7,997613
8,997267
9,996919
10,996568
11,996216
12,995860
13,995502
14,995140
15,994774
16,994404
17,994029
18,993649
19,993263
20,992870
21,992470
22,992061
23,991642
24,991213
25,990772
26,990317
27,989847
28,989361
29,988856
30,988330
31,987780
32,987205
33,986599
34,985961
35,985286
36,984570
37,983807
38,982994
39,982122
40,981186
41,980179
42,979090
43,977912
44,976634
45,975243
46,973728
47,972072
48,970261
49,968275
50,966096
51,963700
52,961064
53,958159
54,954956
55,951421
56,947516
57,943203
58,938434
59,933162
60,927333
61,920888
62,913763
63,905889
64,897191
65,887589
66,876999
67,865328
68,852483
69,838364
70,822870
71,805899
72,787349
73,767122
74,745126
75,721282
76,695524
77,667808
78,638119
79,606474
80,572934
81,537608
82,500664
83,462333
84,422916
85,382783
86,342374
87,302194
88,262797
89,224767
90,188696
91,155148
92,124624
93,97527
94,74124
95,54524
96,38666
97,26319
98,17112
99,10569
100,6164
101,3371
102,1715
103,805
104,345
105,134
106,46
107,14
108,4
109,1
110,0
