0,100300
1,100300 
2,100300 
3,100300 
4,100300 
5,100300 
6,100300 
7,100300 
8,100300 
9,100300 
10,100300 
11,100300 
12,100300 
13,100300 
14,100300
15,100250
16,100200
17,100150
18,100100
19,100050
20,100000
21,99884
22,99779
23,99683
24,99596
25,99517
26,99445
27,99379
28,99318
29,99261
30,99207
31,99155
32,99104
33,99051
34,98996
35,98936
36,98870
37,98795
38,98711
39,98617
40,98512
41,98395
42,98263
43,98115
44,97948
45,97761
46,97552
47,97319
48,97060
49,96772
50,96452
51,96098
52,95707
53,95275
54,94800
55,94278
56,93706
57,93081
58,92396
59,91643
60,90813
61,89898
62,88888
63,87777
64,86559
65,85231
66,83731
67,82050
68,80182
69,78122
70,75867
71,73416
72,70770
73,67932
74,64908
75,61708
76,58345
77,54836
78,51203
79,47470
80,43668
81,39830
82,35993
83,32197
84,28484
85,24897
86,21476
87,18259
88,15281
89,12569
90,10145
91,8020
92,6198
93,4671
94,3425
95,2437
96,1677
97,1112
98,708
99,431
100,249
101,136
102,70
103,33
104,15
105,6
106,0
107,0
108,0
109,0
110,0
