0,100300
1,100300 
2,100300 
3,100300 
4,100300 
5,100300 
6,100300 
7,100300 
8,100300 
9,100300 
10,100300 
11,100300 
12,100300 
13,100300 
14, 100300
15, 100250
16, 100200
17, 100150
18, 100100
19, 100050
20, 100000
21,  99970
22,  99939
23,  99908
24,  99876
25,  99844
26,  99811
27,  99776
28,  99739
29,  99699
30,  99656
31,  99610
32,  99561
33,  99509
34,  99454
35,  99396
36,  99334
37,  99266
38,  99192
39,  99112
40,  99026
41,  98933
42,  98833
43,  98726
44,  98610
45, 98484
46,  98347
47,  98199
48,  98038
49,  97863
50,  97671
51,  97461
52,  97231
53,  96979
54,  96704
55,  96403
56,  96075
57,  95719
58,  95333
59,  94914
60,  94459
61,  93968
62,  93439
63,  92866
64,  92241
65,  91554
66,  90792
67,  89942
68,  88989
69,  87916
70,  86706
71,  85342
72,  83807
73, 82083
74,  80155
75,  78008
76,  75632
77,  73018
78,  70163
79,  67068
80,  63741
81,  60195
82,  56451
83,  52538
84,  48490
85,  44348
86,  40160
87,  35978
88,  31856
89,  27850
90,  24014
91,  20398
92,  17046
93,  13994
94,  11267
95,   8881
96,   6838
97,   5132
98,   3743
99,   2644
100,   1802
101,   1179
102,    736
103, 0
104, 0
105, 0
106, 0
107, 0
108, 0
109, 0
110, 0
