0,1000000
1,999246
2,998490
3,997734
4,996977
5,996218
6,995458
7,994696
8,993932
9,993166
10,992396
11,991624
12,990848
13,990069
14,989284
15,988495
16,987700
17,986898
18,986089
19,985272
20,984445
21,983608
22,982758
23,981896
24,981019
25,980125
26,979213
27,978279
28,977323
29,976339
30,975327
31,974282
32,973200
33,972077
34,970908
35,969687
36,968409
37,967068
38,965654
39,964161
40,962578
41,960896
42,959102
43,957185
44,955129
45,952919
46,950537
47,947965
48,945179
49,942156
50,938870
51,935292
52,931388
53,927123
54,922458
55,917350
56,911752
57,905611
58,898873
59,891476
60,883353
61,874435
62,864645
63,853902
64,842121
65,829212
66,815082
67,799638
68,782782
69,764421
70,744463
71,722826
72,699436
73,674235
74,647185
75,618274
76,587524
77,554993
78,520791
79,485078
80,448073
81,410063
82,371397
83,332489
84,293814
85,255892
86,219271
87,184508
88,152132
89,122619
90,96352
91,73590
92,54448
93,38878
94,26679
95,17512
96,10938
97,6463
98,3588
99,1859
100,891
101,391
102,156
103,56
104,18
105,5
106,1
107,0
108,0
109,0
110,0
