0,1000000
1,998171
2,996345
3,994520
4,992696
5,990874
6,989053
7,987232
8,985412
9,983592
10,981772
11,979952
12,978130
13,976306
14,974481
15,972652
16,970820
17,968984
18,967142
19,965295
20,963440
21,961577
22,959703
23,957819
24,955921
25,954009
26,952079
27,950130
28,948160
29,946164
30,944140
31,942085
32,939993
33,937862
34,935685
35,933457
36,931173
37,928824
38,926404
39,923904
40,921314
41,918624
42,915822
43,912894
44,909828
45,906605
46,903210
47,899621
48,895817
49,891774
50,887465
51,882862
52,877931
53,872637
54,866941
55,860800
56,854169
57,846996
58,839226
59,830801
60,821656
61,811724
62,800931
63,789202
64,776456
65,762611
66,747581
67,731282
68,713629
69,694543
70,673949
71,651782
72,627992
73,602544
74,575432
75,546673
76,516323
77,484480
78,451289
79,416949
80,381716
81,345906
82,309891
83,274100
84,239001
85,205091
86,172874
87,142834
88,115405
89,90942
90,69688
91,51758
92,37121
93,25603
94,16903
95,10627
96,6326
97,3543
98,1853
99,898
100,399
101,161
102,59
103,19
104,5
105,1
106,0
107,0
108,0
109,0
110,0
