0,1000000
1,999245
2,998489
3,997733
4,996975
5,996215
6,995454
7,994691
8,993926
9,993157
10,992386
11,991612
12,990833
13,990050
14,989262
15,988468
16,987668
17,986860
18,986044
19,985219
20,984383
21,983534
22,982673
23,981796
24,980902
25,979989
26,979054
27,978095
28,977108
29,976091
30,975039
31,973949
32,972816
33,971633
34,970397
35,969099
36,967733
37,966289
38,964760
39,963135
40,961401
41,959547
42,957558
43,955417
44,953108
45,950609
46,947900
47,944955
48,941747
49,938245
50,934416
51,930224
52,925626
53,920578
54,915029
55,908926
56,902208
57,894812
58,886665
59,877692
60,867812
61,856936
62,844971
63,831822
64,817386
65,801559
66,784237
67,765316
68,744697
69,722289
70,698013
71,671805
72,643628
73,613473
74,581371
75,547398
76,511683
77,474421
78,435874
79,396375
80,356335
81,316233
82,276611
83,238056
84,201175
85,166568
86,134786
87,106297
88,81443
89,60411
90,43210
91,29672
92,19464
93,12128
94,7135
95,3934
96,2018
97,954
98,412
99,160
100,56
101,17
102,4
103,1
104,0
105,0
106,0
107,0
108,0
109,0
110,0
