0,1000000
1,999664
2,999328
3,998990
4,998653
5,998314
6,997974
7,997634
8,997292
9,996949
10,996605
11,996258
12,995910
13,995560
14,995208
15,994852
16,994494
17,994133
18,993768
19,993398
20,993024
21,992645
22,992260
23,991868
24,991469
25,991062
26,990646
27,990220
28,989782
29,989331
30,988866
31,988386
32,987887
33,987369
34,986828
35,986263
36,985671
37,985047
38,984389
39,983693
40,982954
41,982167
42,981327
43,980427
44,979461
45,978421
46,977299
47,976084
48,974768
49,973337
50,971779
51,970079
52,968222
53,966190
54,963962
55,961517
56,958831
57,955877
58,952625
59,949044
60,945096
61,940744
62,935942
63,930645
64,924800
65,918351
66,911238
67,903393
68,894747
69,885223
70,874740
71,863213
72,850551
73,836663
74,821452
75,804822
76,786678
77,766928
78,745485
79,722274
80,697231
81,670315
82,641506
83,610817
84,578299
85,544045
86,508203
87,470977
88,432633
89,393505
90,353988
91,314540
92,275668
93,237916
94,201840
95,167983
96,136845
97,108845
98,84294
99,63363
100,46069
101,32273
102,21688
103,13915
104,8477
105,4874
106,2627
107,1317
108,609
109,258
110,99
