0,1000000
1,998665
2,997331
3,995998
4,994666
5,993335
6,992005
7,990675
8,989346
9,988017
10,986688
11,985360
12,984031
13,982702
14,981372
15,980041
16,978709
17,977375
18,976040
19,974702
20,973361
21,972017
22,970669
23,969316
24,967957
25,966593
26,965221
27,963841
28,962452
29,961053
30,959641
31,958216
32,956775
33,955318
34,953840
35,952341
36,950818
37,949266
38,947684
39,946067
40,944412
41,942712
42,940964
43,939162
44,937299
45,935368
46,933361
47,931270
48,929084
49,926793
50,924385
51,921846
52,919162
53,916315
54,913289
55,910062
56,906613
57,902916
58,898946
59,894671
60,890059
61,885074
62,879677
63,873824
64,867468
65,860559
66,853039
67,844851
68,835929
69,826204
70,815604
71,804052
72,791467
73,777766
74,762863
75,746672
76,729110
77,710095
78,689552
79,667414
80,643631
81,618166
82,591008
83,562173
84,531712
85,499719
86,466331
87,431741
88,396196
89,360004
90,323529
91,287188
92,251446
93,216795
94,183738
95,152766
96,124325
97,98788
98,76429
99,57394
100,41688
101,29175
102,19587
103,12554
104,7640
105,4388
106,2363
107,1184
108,547
109,231
110,88
