0,1000000
1,995312
2,994896
3,994632
4,994441
5,994291
6,994167
7,994056
8,993958
9,993865
10,993770
11,993669
12,993557
13,993429
14,993279
15,993104
16,992903
17,992681
18,992450
19,992202
20,991938
21,991671
22,991397
23,991116
24,990823
25,990523
26,990213
27,989887
28,989539
29,989172
30,988791
31,988387
32,987956
33,987488
34,986974
35,986408
36,985778
37,985071
38,984274
39,983392
40,982411
41,981312
42,980102
43,978762
44,977299
45,975690
46,973946
47,972045
48,969985
49,967714
50,965242
51,962566
52,959666
53,956553
54,953205
55,949593
56,945705
57,941522
58,937009
59,932063
60,926674
61,920804
62,914397
63,907447
64,899918
65,891657
66,882635
67,872769
68,861948
69,850104
70,837191
71,823124
72,807802
73,791200
74,773244
75,753651
76,732326
77,709119
78,683730
79,656072
80,626029
81,593480
82,558422
83,521159
84,481802
85,440651
86,398231
87,355142
88,311978
89,269405
90,228277
91,189525
92,153939
93,122108
94,94381
95,70877
96,51706
97,36651
98,25145
99,16645
100,10629
101,6549
102,3895
103,2237
104,1244
105,669
106,351
107,179
108,89
109,43
110,20
111,9
112,4
113,2
114,1
115,0
116,0
117,0
118,0
119,0
120,0
