 0,10000000
 1,9998283
 2,9996566
 3,9994850
 4,9993134
 5,9991418
 6,9989702
 7,9987987
 8,9986272
 9,9984558
 10,9982843
 11,9981129
 12,9979415
 13,9977702
 14,9975852
 15,9973773
 16,9971501
 17,9969065
 18,9966489
 19,9963792
 20,9960987
 21,9958083
 22,9955082
 23,9951984
 24,9948779
 25,9945456
 26,9941997
 27,9938379
 28,9934574
 29,9930547
 30,9926262
 31,9921673
 32,9916733
 33,9911388
 34,9905578
 35,9899240
 36,9892305
 37,9884699
 38,9876705
 39,9867920
 40,9858270
 41,9847674
 42,9836044
 43,9823284
 44,9809291
 45,9793950
 46,9777139
 47,9758722
 48,9738554
 49,9716476
 50,9692315
 51,9665886
 52,9636985
 53,9605395
 54,9570878
 55,9533180
 56,9492026
 57,9447121
 58,9398147
 59,9344764
 60,9286610
 61,9223298
 62,9154417
 63,9079531
 64,8998183
 65,8909889
 66,8814148
 67,8710435
 68,8598213
 69,8476929
 70,8346026
 71,8204944
 72,8053131
 73,7890051
 74,7710047
 75,7505411
 76,7275687
 77,7020735
 78,6740786
 79,6436507
 80,6109058
 81,5760146
 82,5392066
 83,5007726
 84,4610651
 85,4204961
 86,3795309
 87,3386787
 88,2984786
 89,2594822
 90,2222318
 91,1872364
 92,1549468
 93,1257306
 94,998511
 95,774511
 96,585452
 97,430205
 98,306487
 99,211066
 100,140053
 101,89228
 102,54370
 103,31551
 104,17357
 105,9005
 106,4382
 107,1988
 108,835
 109,0
 110,0
