 0,10000000
 1,9997947
 2,9995894
 3,9993842
 4,9991790
 5,9989738
 6,9987687
 7,9985636
 8,9983586
 9,9981536
 10,9979487
 11,9977438
 12,9975389
 13,9973341
 14,9971294
 15,9968193
 16,9964110
 17,9959207
 18,9953634
 19,9947525
 20,9940997
 21,9934152
 22,9927076
 23,9919841
 24,9912500
 25,9905095
 26,9897647
 27,9890167
 28,9882648
 29,9875067
 30,9867386
 31,9859553
 32,9851501
 33,9843146
 34,9834391
 35,9825123
 36,9815214
 37,9804522
 38,9792891
 39,9781059
 40,9767644
 41,9752480
 42,9735387
 43,9716165
 44,9694594
 45,9670434
 46,9643421
 47,9613267
 48,9579657
 49,9542246
 50,9500661
 51,9454493
 52,9403303
 53,9346611
 54,9283904
 55,9214628
 56,9138190
 57,9053958
 58,8961263
 59,8859396
 60,8747620
 61,8625163
 62,8491236
 63,8345034
 64,8185750
 65,8012592
 66,7824798
 67,7621658
 68,7402545
 69,7166941
 70,6914477
 71,6644971
 72,6358473
 73,6055315
 74,5735619
 75,5407200
 76,5070984
 77,4728191
 78,4380359
 79,4029360
 80,3677404
 81,3327034
 82,2981094
 83,2642679
 84,2315063
 85,2001596
 86,1705573
 87,1430094
 88,1177890
 89,951165
 90,751438
 91,579418
 92,434928
 93,316892
 94,223400
 95,151841
 96,99110
 97,61856
 98,36735
 99,20649
 100,10921
 101,5399
 102,2477
 103,1046
 104,403
 105,140
 106,44
 107,12
 108,3
 109,1
 110,0
