 0,1000000 		
 1,999790 		
 2,999580 		
 3,999371 		
 4,999161 		
 5,998951 		
 6,998741 		
 7,998532 		
 8,998322 		
 9,998113 		
 10,997903 		
 11,997694 		
 12,997419 		
 13,997071 		
 14,996645 		
 15,996139 		
 16,995553 		
 17,994893 		
 18,994165 		
 19,993380 		
 20,992547 		
 21,991679 		
 22,990785 		
 23,989877 		
 24,988962 		
 25,988045 		
 26,987134 		
 27,986230 		
 28,985333 		
 29,984443 		
 30,983557 		
 31,982671 		
 32,981777 		
 33,980868 		
 34,979933 		
 35,978960 		
 36,977931 		
 37,976827 		
 38,975619 		
 39,974272 		
 40,972830 		
 41,971136 		
 42,969168 		
 43,966902 		
 44,964312 		
 45,961371 		
 46,958050 		
 47,954315 		
 48,950135 		
 49,945471 		
 50,940286 		
 51,934539 		
 52,928186 		
 53,921182 		
 54,913478 		
 55,905025 		
 56,895769 		
 57,885659 		
 58,874637 		
 59,862649 		
 60,849637 		
 61,835547 		
 62,820322 		
 63,803910 		
 64,786263 		
 65,767336 		
 66,747092 		
 67,725502 		
 68,702547 		
 69,678221 		
 70,652534 		
 71,625511 		
 72,597202 		
 73,567675 		
 74,537026 		
 75,505377 		
 76,472881 		
 77,439718 		
 78,406100 		
 79,372268 		
 80,335488 		
 81,305050 		
 82,272259 		
 83,240431 		
 84,209880 		
 85,180908 		
 86,153797 		
 87,128792 		
 88,106090 		
 89,85832 		
 90,68092 		
 91,52871 		
 92,40102 		
 93,29648 		
 94,21316 		
 95,14864 		
 96,10026 		
 97,6520 		
 98,4075 		
 99,2439 		
 100,1392 		
 101,754 		
 102,386 		
 103,186 		
 104,84 		
 105,35 		
 106,14 		
 107,5 		
 108,0 		
 109,0 		
 110,0 		
 111,0 		
 112,0 		
 113,0 		
 114,0 		
 115,0 		
