0,1000000
1,999173
2,998339
3,997496
4,996644
5,995782
6,994910
7,994025
8,993127
9,992215
10,991287
11,990341
12,989376
13,988390
14,987381
15,986347
16,985285
17,984193
18,983068
19,981906
20,980704
21,979459
22,978166
23,976820
24,975417
25,973952
26,972418
27,970808
28,969118
29,967337
30,965458
31,963473
32,961371
33,959141
34,956772
35,954250
36,951563
37,948696
38,945631
39,942351
40,938838
41,935071
42,931027
43,926682
44,922010
45,916985
46,911575
47,905749
48,899473
49,892711
50,885423
51,877570
52,869108
53,859991
54,850174
55,839607
56,828239
57,816020
58,802897
59,788818
60,773731
61,757588
62,740341
63,721948
64,702371
65,681581
66,659556
67,636288
68,611781
69,586057
70,559153
71,531133
72,502079
73,472104
74,441346
75,409974
76,378184
77,346204
78,314286
79,282706
80,251757
81,221741
82,192963
83,165715
84,140270
85,116864
86,95687
87,76870
88,60479
89,46508
90,34881
91,25453
92,18023
93,12349
94,8162
95,5186
96,3155
97,1831
98,1008
99,525
100,257
101,117
102,50
103,19
104,7
105,2
106,1
107,0
108,0
109,0
110,0
