0,1000000
1,999117
2,998231
3,997342
4,996449
5,995553
6,994651
7,993745
8,992832
9,991913
10,990986
11,990051
12,989106
13,988150
14,987182
15,986201
16,985205
17,984191
18,983159
19,982106
20,981029
21,979925
22,978792
23,977627
24,976424
25,975180
26,973891
27,972551
28,971154
29,969693
30,968163
31,966553
32,964856
33,963062
34,961160
35,959137
36,956981
37,954675
38,952205
39,949550
40,946692
41,943607
42,940272
43,936658
44,932737
45,928474
46,923835
47,918779
48,913264
49,907241
50,900661
51,893467
52,885600
53,876995
54,867584
55,857292
56,846043
57,833755
58,820344
59,805722
60,789802
61,772496
62,753719
63,733391
64,711439
65,687801
66,662433
67,635309
68,606431
69,575831
70,543580
71,510355
72,476867
73,443279
74,409768
75,376527
76,343754
77,311658
78,280448
79,250335
80,221521
81,194196
82,168533
83,144680
84,122758
85,102853
86,85013
87,69247
88,55523
89,43770
90,33880
91,25713
92,19105
93,13875
94,9832
95,6784
96,4550
97,2959
98,1862
99,1130
100,660
101,370
102,198
103,101
104,49
105,23
106,10
107,4
108,1
109,1
110,0
