0,1000000
1,999530
2,999056
3,998575
4,998088
5,997594
6,997093
7,996583
8,996065
9,995536
10,994996
11,994445
12,993880
13,993301
14,992706
15,992094
16,991463
17,990811
18,990137
19,989438
20,988712
21,987956
22,987168
23,986344
24,985482
25,984577
26,983625
27,982623
28,981566
29,980447
30,979263
31,978005
32,976669
33,975246
34,973729
35,972108
36,970375
37,968519
38,966528
39,964391
40,962095
41,959624
42,956964
43,954097
44,951005
45,947669
46,944066
47,940174
48,935969
49,931422
50,926505
51,921188
52,915437
53,909218
54,902492
55,895221
56,887362
57,878870
58,869701
59,859805
60,849133
61,837633
62,825253
63,811941
64,797643
65,782309
66,765887
67,748333
68,729603
69,709661
70,688480
71,666040
72,642334
73,617371
74,591174
75,563788
76,535278
77,505734
78,475273
79,444041
80,412211
81,379987
82,347602
83,315315
84,283405
85,252169
86,221913
87,192942
88,165549
89,140002
90,116534
91,95331
92,76517
93,60151
94,46221
95,34641
96,25263
97,17881
98,12249
99,8095
100,5144
101,3131
102,1818
103,1003
104,523
105,256
106,117
107,50
108,20
109,7
110,2
