0,1000000
1,999415
2,998827
3,998237
4,997644
5,997047
6,996447
7,995843
8,995234
9,994621
10,994002
11,993377
12,992745
13,992106
14,991459
15,990802
16,990136
17,989459
18,988769
19,988067
20,987349
21,986616
22,985864
23,985093
24,984300
25,983483
26,982640
27,981768
28,980864
29,979925
30,978947
31,977927
32,976860
33,975742
34,974567
35,973330
36,972024
37,970644
38,969181
39,967627
40,965973
41,964210
42,962327
43,960312
44,958152
45,955834
46,953341
47,950658
48,947766
49,944645
50,941273
51,937628
52,933683
53,929411
54,924782
55,919763
56,914321
57,908417
58,902011
59,895060
60,887519
61,879339
62,870468
63,860853
64,850437
65,839161
66,826964
67,813786
68,799564
69,784235
70,767741
71,750022
72,731027
73,710707
74,689026
75,665954
76,641480
77,615606
78,588355
79,559774
80,529938
81,498950
82,466948
83,434106
84,400631
85,366772
86,332810
87,299058
88,265855
89,233556
90,202525
91,173113
92,145653
93,120434
94,97692
95,77590
96,60210
97,45543
98,33492
99,23878
100,16452
101,10917
102,6951
103,4228
104,2446
105,1339
106,690
107,332
108,149
109,61
110,23
