0,1000000
1,999415
2,998827
3,998237
4,997644
5,997047
6,996447
7,995843
8,995234
9,994621
10,994002
11,993377
12,992745
13,992106
14,991459
15,990802
16,990136
17,989459
18,988769
19,988067
20,987349
21,986616
22,985864
23,985093
24,984300
25,983483
26,982640
27,981768
28,980864
29,979925
30,978947
31,977927
32,976860
33,975742
34,974567
35,973330
36,972024
37,970644
38,969181
39,967627
40,965973
41,964210
42,962327
43,960312
44,958152
45,955834
46,953341
47,950658
48,947766
49,944645
50,941273
51,937628
52,933683
53,929411
54,924782
55,919763
56,914321
57,908417
58,902011
59,895060
60,887519
61,879339
62,870468
63,860853
64,835778
65,823305
66,809833
67,795297
68,779636
69,762793
70,744706
71,725329
72,704611
73,682522
74,659032
75,634138
76,607844
77,580180
78,551200
79,520987
80,489654
81,457347
82,424253
83,390589
84,356614
85,322621
86,288932
87,255894
88,223866
89,193216
90,164289
91,137415
92,112868
93,90869
94,71559
95,54996
96,41143
97,29877
98,20994
99,14224
100,9257
101,5761
102,3411
103,1911
104,1007
105,495
106,225
107,94
108,35
109,12
