0,1000000
1,998416
2,996832
3,995247
4,993661
5,992074
6,990486
7,988896
8,987304
9,985709
10,984111
11,982510
12,980903
13,979292
14,977675
15,976051
16,974420
17,972780
18,971131
19,969471
20,967798
21,966113
22,964412
23,962694
24,960958
25,959201
26,957421
27,955615
28,953781
29,951915
30,950015
31,948076
32,946095
33,944068
34,941989
35,939852
36,937654
37,935386
38,933043
39,930616
40,928097
41,925477
42,922746
43,919894
44,916908
45,913775
46,910481
47,907011
48,903348
49,899473
50,895367
51,891008
52,886372
53,881434
54,876168
55,870542
56,864526
57,858085
58,851183
59,843779
60,835834
61,827303
62,818138
63,808292
64,797714
65,786350
66,774147
67,761049
68,747001
69,731948
70,715837
71,698617
72,680243
73,660674
74,639879
75,617835
76,594534
77,569983
78,544207
79,517254
80,489194
81,460129
82,430187
83,399530
84,368353
85,336885
86,305384
87,274139
88,243459
89,213668
90,185094
91,158055
92,132851
93,109739
94,88928
95,70559
96,54699
97,41333
98,30365
99,21627
100,14886
101,9868
102,6277
103,3814
104,2205
105,1206
106,620
107,299
108,133
109,55
110,21
