0,1000000
1,999874
2,999748
3,999622
4,999496
5,999370
6,999244
7,999118
8,998992
9,998866
10,998740
11,998614
12,998455
13,998269
14,998059
15,997829
16,997581
17,997318
18,997041
19,996751
20,996450
21,996139
22,995817
23,995484
24,995139
25,994782
26,994411
27,994023
28,993618
29,993190
30,992738
31,992259
32,991746
33,991198
34,990608
35,989971
36,989282
37,988525
38,987695
39,986787
40,985792
41,984703
42,983510
43,982204
44,980774
45,979208
46,977493
47,975617
48,973563
49,971315
50,968856
51,966166
52,963225
53,960008
54,956493
55,952652
56,948456
57,943874
58,938874
59,933420
60,927473
61,920993
62,913937
63,906258
64,897908
65,888837
66,878991
67,868314
68,856751
69,844242
70,830730
71,816154
72,799722
73,781201
74,760522
75,737639
76,712527
77,685191
78,655672
79,624049
80,590445
81,555034
82,518043
83,479752
84,440498
85,400667
86,360696
87,321055
88,282242
89,244762
90,209108
91,175740
92,145061
93,117397
94,92972
95,71898
96,54170
97,39662
98,28142
99,19292
100,12735
101,8065
102,4880
103,2810
104,1531
105,786
106,378
107,169
108,70
109,26
110,9
