0,1000000
1,999748
2,999496
3,999244
4,998992
5,998740
6,998488
7,998236
8,997984
9,997733
10,997481
11,997289
12,996978
13,996726
14,996434
15,996034
16,995541
17,994974
18,994345
19,993667
20,992952
21,992209
22,991446
23,990670
24,989885
25,989096
26,988304
27,987510
28,986712
29,985908
30,985093
31,984263
32,983409
33,982523
34,981596
35,980615
36,979568
37,978441
38,977216
39,975878
40,974407
41,972784
42,970958
43,968897
44,966580
45,963979
46,961067
47,957814
48,954186
49,950147
50,945658
51,940677
52,935157
53,929049
54,922302
55,914856
56,906654
57,897631
58,887720
59,876850
60,864949
61,851942
62,837752
63,822303
64,805519
65,787328
66,767661
67,746458
68,723667
69,699250
70,673186
71,645474
72,615885
73,585406
74,554084
75,521990
76,489217
77,455888
78,422153
79,388192
80,354217
81,320468
82,287212
83,254735
84,223340
85,193335
86,165019
87,138674
88,114546
89,92832
90,73669
91,57117
92,43161
93,31701
94,22564
95,15513
96,10263
97,6508
98,3938
99,2263
100,1228
101,625
102,297
103,130
104,53
105,19
106,6
107,2
108,1
109,0
110,0
