0,1000000						
1,995810						
2,995193						
3,994715						
4,994357						
5,994088						
6,993890						
7,993740						
8,993621						
9,993502						
10,993373						
11,993224						
12,993035						
13,992797						
14,992499						
15,992132						
16,991685						
17,991160						
18,990555						
19,989862						
20,989080						
21,988209						
22,987261						
23,986235						
24,985141						
25,983989						
26,982790						
27,981543						
28,980278						
29,978994						
30,977723						
31,976550						
32,975399						
33,974264						
34,973156						
35,971882						
36,970406						
37,968796						
38,967035						
39,965102						
40,963000						
41,960702						
42,958188						
43,955441						
44,952446						
45,949185						
46,945623						
47,941734						
48,937497						
49,932886						
50,927862						
51,922394						
52,916446						
53,909980						
54,902946						
55,895313						
56,887034						
57,878050						
58,868323						
59,857802						
60,846427						
61,834150						
62,820910						
63,806661						
64,791344						
65,774906						
66,757301						
67,738484						
68,718422						
69,697084						
70,674454						
71,650518						
72,625289						
73,598788						
74,571062						
75,542174						
76,512224						
77,481329						
78,449634						
79,417323						
80,384604						
81,351716						
82,318926						
83,286519						
84,254798						
85,224078						
86,194671						
87,166876						
88,140966						
89,117182						
90,95708						
91,76674						
92,60136						
93,46080						
94,34418						
95,24995						
96,17600						
97,11978						
98,7852						
99,4938						
100,2967						
101,1694						
102,915						
103,464						
104,219						
105,96						
