0,1000000
1,994425
2,993948
3,993590
4,993341
5,993163
6,993043
7,992964
8,992904
9,992845
10,992775
11,992686
12,992567
13,992408
14,992200
15,991942
16,991624
17,991257
18,990831
19,990356
20,989831
21,989266
22,988673
23,988060
24,987437
25,986815
26,986189
27,985558
28,984922
29,984331
30,983730
31,983121
32,982506
33,981882
34,981256
35,980628
36,979941
37,979187
38,978354
39,977435
40,976429
41,975327
42,974108
43,972765
44,971288
45,969666
46,967884
47,965921
48,963769
49,961401
50,958800
51,955946
52,952806
53,949364
54,945583
55,941442
56,936896
57,931916
58,926461
59,920487
60,913956
61,906809
62,898999
63,890481
64,881189
65,871069
66,860051
67,848078
68,835083
69,820998
70,805755
71,789295
72,771548
73,752460
74,731982
75,710070
76,686688
77,661822
78,635474
79,607665
80,578434
81,547861
82,516050
83,483137
84,449307
85,414774
86,379794
87,344661
88,309705
89,275284
90,241772
91,209549
92,178992
93,150453
94,124239
95,100604
96,79724
97,61688
98,46489
99,34029
100,24116
101,16491
102,10838
103,6816
104,4081
105,2313
