0,1000000
1,999921
2,999842
3,999762
4,999681
5,999599
6,999517
7,999433
8,999348
9,999261
10,999174
11,999084
12,998992
13,998899
14,998803
15,998704
16,998602
17,998497
18,998389
19,998276
20,998158
21,998036
22,997907
23,997772
24,997629
25,997479
26,997319
27,997150
28,996968
29,996775
30,996566
31,996343
32,996101
33,995839
34,995556
35,995247
36,994911
37,994544
38,994142
39,993702
40,993219
41,992687
42,992102
43,991456
44,990743
45,989956
46,989084
47,988120
48,987051
49,985865
50,984550
51,983090
52,981469
53,979668
54,977667
55,975443
56,972971
57,970222
58,967167
59,963771
60,959995
61,955800
62,951140
63,945964
64,940219
65,933845
66,925562
67,916426
68,906354
69,895262
70,883062
71,869662
72,854968
73,838885
74,821315
75,802165
76,781346
77,758776
78,734385
79,708118
80,679943
81,649853
82,617876
83,584079
84,548575
85,511532
86,473175
87,433792
88,393737
89,353424
90,313325
91,273958
92,235869
93,199612
94,165719
95,134669
96,106858
97,82565
98,61931
99,44944
100,31435
101,21102
102,13531
103,8244
104,4745
105,2563
106,1290
107,600
108,255
109,99
110,34
