0,1000000
1,999403
2,998802
3,998197
4,997587
5,996973
6,996352
7,995726
8,995093
9,994452
10,993802
11,993144
12,992475
13,991794
14,991101
15,990394
16,989671
17,988931
18,988173
19,987394
20,986591
21,985764
22,984908
23,984021
24,983100
25,982142
26,981142
27,980096
28,979000
29,977848
30,976635
31,975354
32,973998
33,972561
34,971033
35,969405
36,967667
37,965809
38,963818
39,961681
40,959383
41,956908
42,954239
43,951357
44,948241
45,944868
46,941214
47,937251
48,932950
49,928279
50,923204
51,917687
52,911690
53,905167
54,898074
55,890361
56,881975
57,872861
58,862960
59,852211
60,840551
61,827913
62,814232
63,799439
64,783468
65,766253
66,747734
67,727855
68,706565
69,683828
70,659618
71,633925
72,606762
73,578161
74,548186
75,516931
76,484525
77,451135
78,416969
79,382274
80,347341
81,312494
82,278091
83,244511
84,212146
85,181383
86,152588
87,126089
88,102155
89,80980
90,62669
91,47227
92,34563
93,24489
94,16743
95,11005
96,6925
97,4154
98,2363
99,1268
100,638
101,299
102,129
103,51
104,19
105,6
106,2
107,0
108,0
109,0
110,0
