0,1000000
1,999820
2,999650
3,999480
4,999310
5,999140
6,998960
7,998790
8,998620
9,998450
10,998280
11,998110
12,997910
13,997680
14,997430
15,997160
16,996860
17,996550
18,996230
19,995890
20,995550
21,995190
22,994820
23,994440
24,994060
25,993660
26,993250
27,992820
28,992380
29,991910
30,991420
31,990900
32,990340
33,989750
34,989110
35,988430
36,987680
37,986870
38,985990
39,985040
40,983810
41,982520
42,981150
43,979700
44,978160
45,976510
46,974740
47,972850
48,970810
49,968600
50,966210
51,963620
52,960800
53,957720
54,954360
55,950670
56,946640
57,942210
58,937330
59,931970
60,926070
61,919560
62,912390
63,904470
64,895750
65,886130
66,875520
67,863840
68,850970
69,836830
70,821310
71,804290
72,785660
73,765330
74,743190
75,719160
76,693150
77,665140
78,635080
79,603000
80,568960
81,533070
82,495510
83,456520
84,416420
85,375610
86,334570
87,293840
88,254000
89,215700
90,179540
91,146130
92,115980
93,89480
94,66880
95,48240
96,33430
97,22140
98,13950
99,8300
100,4630
101,2410
102,1150
103,500
104,200
105,70
106,20
107,0
108,0
109,0
110,0
