0,1000000
1,994161
2,993664
3,993286
4,993040
5,992830
6,992641
7,992473
8,992326
9,992186
10,992050
11,991916
12,991776
13,991618
14,991425
15,991183
16,990878
17,990482
18,990015
19,989460
20,988843
21,988187
22,987524
23,986841
24,986153
25,985467
26,984786
27,984105
28,983430
29,982753
30,982062
31,981352
32,980610
33,979833
34,979016
35,978145
36,977220
37,976232
38,975170
39,974006
40,972724
41,971295
42,969720
43,968003
44,966105
45,964001
46,961673
47,959118
48,956327
49,953246
50,949856
51,946095
52,941967
53,937438
54,932423
55,926894
56,920810
57,914149
58,906810
59,898685
60,889725
61,879776
62,868726
63,856430
64,842786
65,827694
66,811183
67,793202
68,773672
69,752579
70,729938
71,705583
72,679457
73,651541
74,621827
75,590407
76,557359
77,522933
78,487254
79,450582
80,413138
81,375132
82,337157
83,299734
84,263380
85,228504
86,195419
87,164570
88,136254
89,110692
90,88123
91,68695
92,52471
93,39282
94,28707
95,20380
96,14004
97,9298
98,5955
99,3681
100,2207
101,1289
102,738
103,416
104,229
105,123
106,65
107,33
108,16
109,8
110,4
111,2
112,1
113,0
114,0
115,0
116,0
117,0
118,0
119,0
120,0
