0,1000000
1,999734
2,999462
3,999185
4,998900
5,998609
6,998309
7,998001
8,997683
9,997354
10,997014
11,996661
12,996293
13,995911
14,995511
15,995092
16,994653
17,994191
18,993704
19,993190
20,992646
21,992069
22,991456
23,990803
24,990106
25,989362
26,988565
27,987710
28,986792
29,985804
30,984740
31,983592
32,982352
33,981011
34,979560
35,977988
36,976283
37,974433
38,972423
39,970239
40,967864
41,965280
42,962468
43,959406
44,956072
45,952439
46,948482
47,944172
48,939475
49,934359
50,928786
51,922719
52,916113
53,908926
54,901110
55,892614
56,883385
57,873369
58,862508
59,850743
60,838013
61,824256
62,809411
63,793418
64,776219
65,757758
66,737987
67,716863
68,694355
69,670441
70,645117
71,618394
72,590308
73,560916
74,530303
75,498587
76,465918
77,432479
78,398493
79,364215
80,329935
81,295969
82,262659
83,230356
84,199417
85,170183
86,142971
87,118054
88,95646
89,75891
90,58851
91,44500
92,32729
93,23350
94,16109
95,10712
96,6841
97,4179
98,2431
99,1340
100,696
101,339
102,154
103,64
104,25
105,9
106,3
107,1
108,0
109,0
110,0
