0,1000000
1,998261
2,996521
3,994778
4,993032
5,991283
6,989530
7,987772
8,986008
9,984239
10,982461
11,980676
12,978881
13,977075
14,975257
15,973425
16,971578
17,969714
18,967831
19,965926
20,963997
21,962042
22,960057
23,958039
24,955984
25,953889
26,951749
27,949560
28,947316
29,945011
30,942639
31,940192
32,937665
33,935047
34,932329
35,929502
36,926555
37,923475
38,920248
39,916861
40,913298
41,909540
42,905570
43,901366
44,896906
45,892165
46,887118
47,881734
48,875984
49,869833
50,863246
51,856184
52,848604
53,840463
54,831715
55,822308
56,812191
57,801310
58,789607
59,777024
60,763502
61,748981
62,733402
63,716708
64,698845
65,679763
66,659422
67,637787
68,614838
69,590568
70,564989
71,538133
72,510060
73,480855
74,450635
75,419552
76,387794
77,355587
78,323189
79,290896
80,259030
81,227934
82,197961
83,169461
84,142767
85,118178
86,95941
87,76234
88,59156
89,44720
90,32844
91,23366
92,16049
93,10603
94,6712
95,4052
96,2322
97,1256
98,638
99,302
100,132
101,53
102,19
103,6
104,2
105,0
106,0
107,0
108,0
109,0
110,0
