0,1000000
1,999060
2,998116
3,997168
4,996215
5,995256
6,994291
7,993319
8,992339
9,991351
10,990353
11,989344
12,988323
13,987290
14,986241
15,985177
16,984095
17,982992
18,981868
19,980720
20,979545
21,978341
22,977103
23,975830
24,974516
25,973159
26,971753
27,970294
28,968775
29,967191
30,965536
31,963801
32,961979
33,960061
34,958037
35,955896
36,953628
37,951218
38,948653
39,945918
40,942996
41,939868
42,936514
43,932912
44,929039
45,924868
46,920372
47,915519
48,910276
49,904608
50,898476
51,891838
52,884651
53,876865
54,868432
55,859297
56,849405
57,838695
58,827108
59,814579
60,801043
61,786437
62,770696
63,753756
64,735557
65,716046
66,695175
67,672905
68,649211
69,624083
70,597531
71,569584
72,540302
73,509773
74,478118
75,445496
76,412104
77,378180
78,343999
79,309875
80,276150
81,243193
82,211382
83,181095
84,152691
85,126494
86,102774
87,81728
88,63471
89,48020
90,35296
91,25131
92,17275
93,11422
94,7236
95,4372
96,2507
97,1357
98,690
99,327
100,143
101,58
102,21
103,7
104,2
105,1
106,0
107,0
108,0
109,0
110,0
